5000008928
5000008796
5000008778
5000008777
5000008776
5000008775
5000008533
5000008532
5000008531
5000008530
5000008529
5000008528
5000008527
5000008526
5000008525
5000008516
5000008515
5000008514
5000008513
5000008512
5000008510
5000008509
5000008508
5000008350
5000008349
5000008348
5000008344
5000008343
5000008342
5000008341
5000008340
5000008339
5000008336
5000008335
5000008117
5000008115
5000008113
5000008111
5000008100
5000008099
5000008098
5000008097
5000008096
5000008065
5000008064
5000008063
5000008045
5000008044
5000008043
5000008042
5000007913
5000007904
5000007894
5000007890
5000007889
5000007888
5000007887
5000007733
5000007728
5000007727
5000007726
5000007725
5000007724
5000007585
5000007584
5000007583
5000007582
5000007573
5000007572
5000007571
5000007570
5000007428
5000007427
5000007426
5000007425
5000007416
5000007415
5000007414
5000007413
5000007272
5000007271
5000007270
5000007269
5000007268
5000007262
5000007261
5000007260
5000007259
5000007258
5000007092
5000007091
5000006916
5000006915
5000006914
5000006913
5000006651
5000006650
5000006649
5000006648
5000006647
5000006636
5000006635
5000006634
5000006633
5000006632
5000006588
5000006587
5000006586
5000006585
5000006574
5000006573
5000006572
5000006571
5000006412
5000006409
5000006408
5000006407
5000006406
5000006398
5000006397
5000006396
5000006391
5000006219
5000006218
5000006217
5000006216
5000006215
5000006214
5000006213
5000006212
5000006211
5000006210
5000006097
5000006096
5000006095
5000006094
5000006088
5000006086
5000006084
5000006082
5000005935
5000005934
5000005933
5000005932
5000005931
5000005930
5000005789
5000005788
5000005787
5000005786
5000005785
5000005784
5000005783
5000005782
5000005781
5000005624
5000005623
5000005618
5000005617
5000005612
5000005611
5000005606
5000005605
5000005359
5000005358
5000005355
5000005352
5000005351
5000005344
5000005343
5000005340
5000005337
5000005272
5000005271
5000005269
5000005268
5000005267
5000005266
5000005262
5000005261
5000005120
5000005117
5000005107
5000004986
5000004985
5000004978
5000004929
5000004814
5000004813
5000004804
5000004803
5000004778
5000004777
5000004774
5000004773
5000004772
5000004760
5000004755
5000004751
5000004609
5000004589
5000004441
5000004440
5000004439
5000004418
5000004417
5000004316
5000004315
5000004314
5000004220
5000004219
5000004173
5000004168
5000004031
5000004030
5000004027
5000003853
5000003852
5000003851
5000003850
5000003847
5000003846
5000003843
5000003842
5000003841
5000003689
5000003688
5000003684
5000003683
5000003679
5000003678
5000003662
5000003661
5000003660
5000003657
5000003656
5000003655
5000003649
5000003648
5000003644
5000003643
5000003592
5000003540
5000003225
5000003224
5000003172
5000003171
5000003170
5000003169
5000003168
5000003167
5000003166
5000002848
5000002847
5000002845
5000002844
5000002843
5000002842
5000002841
5000002840
5000002839
5000002838
5000002837
5000002836
5000002822
5000002753
5000002467
5000002466
5000002465
5000002464
5000002157
5000002156
5000002155
5000002154
5000002153
5000002152
5000002151
5000002150
5000002149
5000002148
5000002147
5000002146
5000002145
5000002118
5000002117
5000002116
5000002115
5000002114
5000002113
5000002112
5000002111
5000002110
5000002109
5000002108
5000002107
5000002106
5000001828
5000001811
5000001795
5000001794
5000001791
5000001153
5000001007
5000000997
5000000986
5000000972
5000000962
5000000948
5000000931
5000000904
5000000895
5000000886
5000000877
5000000868
5000000857
5000000855
5000000848
5000000844
5000000832
5000000826
5000000816
5000000809
5000000790
5000000782
5000000770
5000000757
5000000715
5000000706
5000000703
5000000694
5000000685
5000000676
5000000667
5000000660
5000000651
5000000646
5000000644
5000000639
5000000628
5000000627
5000000625
5000000624
5000000623
5000000622
5000000621
5000000619
5000000617
5000000601
5000000600
5000000595
5000000594
5000000589
5000000588
5000000583
5000000582
5000000577
5000000576
5000000571
5000000564
5000000546
5000000545
5000000535
5000000534
5000000529
5000000528
5000000523
5000000522
5000000517
5000000510
5000000509
5000000508
5000000503
5000000502
5000000497
5000000496
5000000491
5000000490
5000000487
5000000486
5000000479
5000000474
5000000473
5000000450
5000000449
5000000444
5000000443
5000000436
5000000431
5000000427
5000000416
5000000414
5000000396
5000000395
5000000392
5000000377
5000000372
5000000371
5000000362
5000000361
5000000351
5000000346
5000000339
5000000288
5000000282
5000000278
5000000272
5000000252
5000000248
5000000242
5000000238
5000000232
5000000228
5000000222
5000000218
5000000212
5000000208
5000000189
5000000187
5000000186
5000000185
5000000184
5000000181
5000000178
5000000176
5000000175
5000000173
5000000172
5000000169
5000000168
5000000167
5000000147
5000000144
5000000142
5000000141
5000000138
5000000137
5000000135
5000000134
5000000131
5000000128
5000000126
5000000125
5000000123
5000000122
5000000119
5000000115
5000000113
5000000112
5000000110
5000000109
5000000106
5000000103
5000000101
5000000098
5000000096
5000000095
5000000092
5000000089
5000000087
5000000086
5000000084
5000000083
5000000080
5000000077
5000000075
5000000074
5000000071
5000000069
5000000066
5000000064
5000000063
5000000062
5000000061
5000000058
5000000057
5000000053
5000000052
5000000051
5000000049
5000000048
5000000046
5000000041
5000000040
5000000039
5000000038
5000000037
5000000036
5000000024
5000000023
5000000021
5000000017
5000003
50000
2269
2265
2263
2262
2259
2257
2256
2253
2251
2248
2245
2244
2239
2236
2235
2231
2226
2191
2177
2149
2135
2129
2128
2124
2121
2093
2087
2081
2032
2030
2028
2021
2019
2017
1893
1892
1891
1890
1885
1884
1883
1866
1862
1860
1858
1856
1854
1628
1626
1608
1534
1500
1498
1411
1409
1135
1133
1119
1117
1085
1077
1076
1073
1069
1068
1026
1025
977
976
975
919
917
915
913
909
907
890
846
845
844
799
798
